&gen
basis=6-31G**
dftname=B3LYP
&
&zmat
C1   
C2    C1 r2
O3    C2 r3  C1 a3
H4    C2 r4  C1 a4  O3 d4
N5    H4 r5  C2 a5  C1 d5
C6    N5 r6  H4 a6  C2 d6
C7    C6 r7  N5 a7  H4 d7
O8    C7 r8  C6 a8  N5 d8
H9    C7 r9  C6 a9  N5 d9
N10   H9 r10  C7 a10  C6 d10
C11   N10 r11  H9 a11  C7 d11
H12   C1 r12  C2 a12  O3 d12
H13   C1 r13  C2 a13  O3 d13
H14   C1 r14  C2 a14  O3 d14
H15   C6 r15  N5 a15  H4 d15
H16   C6 r16  N5 a16  H4 d16
H17   C11 r17  N10 a17  H9 d17
H18   C11 r18  N10 a18  H9 d18
H19   C11 r19  N10 a19  H9 d19
&
&zvar
r2 = 1.52856923059
r3 = 1.229036334661
a3 = 119.7386472001
r4 = 2.022135521745
a4 = 90.18196690035
d4 = -179.9999851384
r5 = 1.009209216338
a5 = 35.1856682506
d5 = -179.9996755434
r6 = 1.455757081014
a6 = 118.0125848021
d6 = -179.9994985395
r7 = 1.528568791138
a7 = 112.0025319244
d7 = 0.002121447193085
r8 = 1.229035338365
a8 = 119.7386997136
d8 = 0.002699119734312
r9 = 2.022136572567
a9 = 90.18191653921
d9 = -179.997241218
r10 = 1.009209007507
a10 = 35.18565259436
d10 = 179.9999746261
r11 = 1.455757451762
a11 = 118.0126007917
d11 = 179.9999566718
r12 = 1.113000227671
a12 = 109.4700075827
d12 = 5.691624757491e-05
r13 = 1.112999564076
a13 = 109.5892256698
d13 = 120.2164230292
r14 = 1.112999988543
a14 = 109.5891735474
d14 = -120.2163692023
r15 = 1.113000579474
a15 = 108.8519095044
d15 = 120.415074547
r16 = 1.113000580514
a16 = 108.8518565194
d16 = -120.4108091729
r17 = 1.113000203931
a17 = 108.7999757058
d17 = 179.9999623085
r18 = 1.112999769978
a18 = 109.7576104183
d18 = -59.88716095711
r19 = 1.113000831731
a19 = 109.7575241286
d19 = 59.88721198388
&
